
MEDIAN:
=======

									3  9  8  4  6 10  2  5  7  1		3 - 6 - 1
9									3 |9  8  4  6 10  2  5  7  1	L10
									3  2 |8  4  6 10  9  5  7  1
									3  2  1 |4  6 10  9  5  7  8
									1  2  3 |4  6 10  9  5  7  8

1				1 |2	L2
				1 |2

0			1			2

										4  6 10  9  5  7  8			4 - 9 - 8
6										8 |6 10  9  5  7  4		L7
										8  6|10  9  5  7  4
										8  6  5 |9 10  7  4
										8  6  5  7|10  9  4
										8  6  5  7  4 |9 10
										8  6  5  7  4 |9 10
										4  6  5  7  8 |9 10

		4  6  5  7			4 - 6 - 7
3		6 |4  5  7		L4
		6  4 |5  7
		6  4  5 |7
		5  4  6 |7

1		5  4	L2

0	5			4

1												9 10	L2

0											9			10
----------------------------------------------------------
21